udp.listenport=55555
udp.broadcastport=55556
kinect.AVESTRUZ=AVESTRUZ;0.7209828;1.006158;-2.436426;0.04003145;-0.2130822;0.0322836;0.9756799
kinect.CLEVO=CLEVO;-0.432373;0.7165633;-2.089577;-0.01744544;0.1368691;-0.003524629;0.9904292
kinect.0=0;-1;1;0;0;0;0;1
